Iteration: 
          1        1        2        2 
          2     1.75    3.375        3 
          3  1.84375    3.875    3.025 
          4   1.9625    3.925   2.9625 
          5  1.99063  3.97656        3 
          6  1.99414  3.99531  3.00094 
          7  1.99859  3.99719  2.99859 
          8  1.99965  3.99912        3 
          9  1.99978  3.99982  3.00004 
         10  1.99995  3.99989  2.99995 
         11  1.99999  3.99997        3 
         12  1.99999  3.99999        3 
         13        2        4        3 